25 1 1 0
1 0.00 0.00 0.00
2 0.25 0.00 0.00
3 0.50 0.00 0.00
4 0.75 0.00 0.00
5 1.00 0.00 0.00
6 0.00 0.25 0.00
7 0.25 0.25 0.00
8 0.50 0.25 0.00
9 0.75 0.25 0.00
10 1.00 0.25 0.00
11 0.00 0.50 0.00
12 0.25 0.50 0.00
13 0.50 0.50 0.00
14 0.75 0.50 0.00
15 1.00 0.50 0.00
16 0.00 0.75 0.00
17 0.25 0.75 0.00
18 0.50 0.75 0.00
19 0.75 0.75 0.00
20 1.00 0.75 0.00
21 0.00 1.00 0.00
22 0.25 1.00 0.00
23 0.50 1.00 0.00
24 0.75 1.00 0.00
25 1.00 1.00 0.00
uz 1
0.00
0.00
0.01
0.02
0.03
0.01
0.02
0.03
0.04
0.05
0.02
0.03
0.04
0.05
0.06
0.03
0.04
0.05
0.06
0.07
0.04
0.05
0.06
0.07
0.08